0.0008630000000000027
0.0007280000000000064
0.0008879999999999999
0.0010280000000000011
0.0009240000000000081
0.0010010000000000019
0.0007159999999999944
0.0007539999999999769
0.0008989999999999831
0.0009679999999999966
0.0007159999999999944
0.0007340000000000124
0.0010120000000000129
0.0007600000000000107
0.0010580000000000034
0.0009640000000000204
0.0007749999999999979
0.0007309999999999817
0.0008060000000000012
0.0014040000000000163
0.0011450000000000071
0.0015039999999999776
0.0007609999999999839
0.0011710000000000054
0.0007420000000000204
0.0008910000000000029
0.0008559999999999957
0.0015710000000000168
0.0010040000000000049
0.0010610000000000064
0.0009109999999999951
0.0007250000000000034
0.0007880000000000109
0.0010149999999999881
0.0007449999999999957
0.0010249999999999981
