0.0007339999999999847
0.0009319999999999884
0.0008949999999999791
0.0009709999999999996
0.0008849999999999969
0.0008900000000000019
0.0008910000000000029
0.0006659999999999999
0.0011549999999999894
0.0009040000000000159
0.0006479999999999819
0.0014899999999999913
0.0009709999999999996
0.0009629999999999916
0.0007020000000000082
0.0008479999999999877
0.0011460000000000081
0.0010440000000000171
0.0007759999999999989
0.0009740000000000026
0.0010779999999999956
0.0009679999999999966
0.0007389999999999897
0.0010779999999999956
0.0009409999999999974
0.0007500000000000007
0.0010449999999999904
0.0007300000000000084
0.001354999999999995
0.0009460000000000024
0.0008229999999999627
0.0010089999999999821
0.0012490000000000001
0.0007840000000000069
0.0007570000000000077
0.0008310000000000262
